0.003988
0.003971
0.004006
0.003973
0.003983
0.003950
0.003991
0.004128
0.003975
0.003983
0.003980
0.003895
0.003910
0.003739
0.003723
0.004075
0.003899
0.003724
0.003694
0.003713
0.003811
0.003753
0.004012
0.003998
0.003917
0.003778
0.004405
0.004163
0.003806
0.003706
0.003721
0.003760
0.003708
0.004543
0.003704
0.003791
0.003881
0.003942
0.003772
0.003826
0.003733
0.003724
0.003759
0.003736
0.003718
0.003899
0.003748
0.003764
0.003738
0.003904
0.003700
0.004021
0.003777
0.003987
0.003849
0.003978
0.003898
0.003965
0.003936
0.003846
0.003981
0.004164
0.003997
0.003789
0.003764
0.003807
0.003881
0.003989
0.003980
0.003854
0.004050
0.003932
0.004090
0.004051
0.003771
0.003770
0.003955
0.003825
0.003743
0.003752
0.003999
0.003782
0.003739
0.003765
0.003734
0.003789
0.003725
0.003788
0.003734
0.003819
0.003730
0.003787
0.003744
0.003741
0.003740
0.003969
0.003737
0.003896
0.003829
0.003764
