0.03589549994468689
0.008152333974838256
0.008940165996551513
0.008287708044052124
0.008817959070205689
0.008974457979202271
0.008288915872573853
0.009010624885559083
0.0081975839138031
0.008198957920074463
0.008062333822250366
0.008167832851409913
0.008073291778564452
0.00786158299446106
0.010614458799362183
0.009160874843597412
0.015207750082015992
0.008013124942779542
0.008062041997909546
0.007969957828521728
0.008261250019073487
0.008080250024795533
0.02229091715812683
0.008119415998458862
0.008360958814620971
0.007831624984741211
0.02743545913696289
0.008681874990463257
0.009051709175109864
0.007922082901000977
0.00797237515449524
0.007893166065216065
0.007767207860946655
0.00841225004196167
0.007925292015075684
0.007783042192459106
0.007878750085830688
0.00838729190826416
0.00794724988937378
0.008725666046142578
0.007849458932876587
0.007900334119796753
0.00786904215812683
0.007942167043685913
0.007983875036239624
0.00820579195022583
0.007911207914352417
0.007862125158309936
0.008279250144958497
0.00784654211997986
0.007823457956314088
0.007990875005722046
0.008197041988372802
0.008519459009170532
0.00805933403968811
0.008891292095184326
0.008407459020614624
0.008678584098815919
0.008006332874298095
0.00814312481880188
0.00904812502861023
0.008181041955947876
0.007872541904449464
0.007920291185379028
0.007923749923706055
0.010629999876022339
0.008067999839782715
0.00838129186630249
0.008167249917984008
0.013490875005722045
0.00972666621208191
0.008021040916442871
0.008999125003814697
0.008410542011260987
0.008022249937057494
0.008810707807540893
0.007890999794006348
0.007874208211898803
0.007884334087371827
0.007890542030334473
0.007928542137145996
0.007929041862487793
0.007933665990829468
0.008256582975387573
0.008095124959945679
0.0077581250667572025
0.008147665977478027
0.007945791959762574
0.007792500019073487
0.008447999954223634
0.00788541603088379
0.007821332931518555
0.008599250078201294
0.007826624870300293
0.007919957876205445
0.00824066686630249
0.007977874994277954
0.007852916955947876
0.008041375160217286
0.00777875018119812
