0.024363994598388672
0.024395227432250977
0.024976015090942383
0.02426004409790039
0.024454116821289062
0.023847103118896484
0.02572798728942871
0.042532920837402344
0.02430415153503418
0.02448582649230957
0.025072097778320312
0.024903059005737305
0.023808956146240234
0.022995948791503906
0.024590253829956055
0.04642796516418457
0.024783849716186523
0.023731231689453125
0.022891759872436523
0.023981094360351562
0.023656129837036133
0.02410125732421875
0.02513599395751953
0.03126692771911621
0.024209976196289062
0.024187088012695312
0.03843212127685547
0.023199081420898438
0.024168729782104492
0.023218870162963867
0.025010108947753906
0.02305316925048828
0.023756742477416992
0.023527145385742188
0.02412581443786621
0.022968053817749023
0.023901939392089844
0.024253129959106445
0.022935152053833008
0.025089025497436523
0.022572040557861328
0.027074098587036133
0.023360013961791992
0.02394700050354004
0.023408889770507812
0.02388310432434082
0.023128986358642578
0.02317333221435547
0.023432016372680664
0.023762226104736328
0.025938987731933594
0.02341604232788086
0.024048805236816406
0.024689197540283203
0.023998022079467773
0.026066064834594727
0.023832082748413086
0.023416757583618164
0.02433300018310547
0.026308298110961914
0.024799108505249023
0.02767324447631836
0.03906893730163574
0.02386307716369629
0.023515939712524414
0.02356696128845215
0.023724079132080078
0.023478031158447266
0.05434894561767578
0.02404499053955078
0.024266958236694336
0.025379180908203125
0.026824951171875
0.025252819061279297
0.023381948471069336
0.023745059967041016
0.024049997329711914
0.02387404441833496
0.023894071578979492
0.02308797836303711
0.025621891021728516
0.023551225662231445
0.023038148880004883
0.02385401725769043
0.025533199310302734
0.024341106414794922
0.02327418327331543
0.023962020874023438
0.02359294891357422
0.024484872817993164
0.02362990379333496
0.024262189865112305
0.023235082626342773
0.022709131240844727
0.023618221282958984
0.02444911003112793
0.023637056350708008
0.02444005012512207
0.02324199676513672
0.02445220947265625
